/Users/fox/miniforge3/envs/tensorflow/bin/python /Users/fox/雪狸的文件/Programma/Binary-Equilibrium-OA/main.py
==================== main start ====================
result:
[[ 295.  295.  295.  295.  295.  295.  295.  295.]
 [ 976.  976.  976.  976.  976.  976.  976.  976.]
 [  35.   35.   35.   35.   35.   35.   35.   35.]
 [  23.   23.   23.   23.   23.   23.   23.   23.]
 [ 481.  481.  481.  481.  481.  481.  481.  481.]
 [  52.   52.   52.   52.   52.   52.   52.   52.]
 [ 107.  107.  107.  107.  107.  107.  107.  107.]
 [9767. 9767. 9767. 9767. 9767. 9767. 9767. 9767.]
 [ 130.  130.  130.  130.  130.  130.  130.  130.]
 [1025. 1025. 1025. 1025. 1025. 1025. 1025. 1025.]
 [1378. 1402. 1422. 1437. 1437. 1437. 1437. 1437.]
 [1666. 1671. 1676. 1675. 1689. 1689. 1689. 1689.]
 [1686. 1645. 1774. 1751. 1806. 1816. 1810. 1809.]
 [1764. 1772. 1911. 1895. 2002. 1979. 2033. 1976.]
 [2095. 2209. 2294. 2330. 2431. 2421. 2416. 2401.]
 [2346. 2316. 2397. 2490. 2647. 2556. 2607. 2518.]
 [2361. 2355. 2493. 2698. 2844. 2831. 2830. 2820.]
 [2249. 2254. 2495. 2510. 2724. 2650. 2710. 2641.]
 [2784. 2531. 2646. 2724. 3127. 3031. 3064. 3015.]
 [2769. 2751. 3076. 3073. 3466. 3392. 3414. 3378.]]
进程已结束,退出代码0
